100 40 100
1000 200 150
1000 170 90
1000 170 160
1000 100 260
1010 180 90
1010 190 150
1010 160 160
1010 90 270
1015 180 90
1015 160 170
1015 190 150
1015 100 280
1025 200 160
1025 190 100
1025 160 180
1025 110 300
1035 190 100
1035 200 170
1035 150 190
1035 100 310
1040 200 110
1040 190 180
1040 150 200
1040 100 320
1050 190 190
1050 210 110
1050 150 210
1050 120 340
1060 210 120
1060 120 330
1060 150 230
1060 190 200
1065 210 130
1065 190 210
1065 150 230
1065 130 340
1075 200 220
1075 220 140
1075 150 250
1075 150 340
1085 220 150
1085 140 260
1085 190 230
1085 160 340
1090 140 270
1090 220 160
1090 190 240
1090 160 350
110 60 110
1100 200 250
1100 230 170
1100 140 280
1100 180 330
1100 20 90
1110 220 180
1110 130 290
1110 30 90
1110 200 260
1110 190 330
1115 120 290
1115 220 190
1115 200 260
1115 200 330
1115 40 90
1125 200 280
1125 220 200
1125 120 300
1125 220 310
1125 60 100
1135 220 210
1135 110 310
1135 70 110
1135 220 300
1135 190 290
1140 100 310
1140 220 210
1140 220 300
1140 90 130
1140 190 290
115 70 110
1150 200 310
1150 220 230
1150 100 320
1150 240 290
1150 110 130
1160 120 140
1160 100 330
1160 210 240
1160 240 280
1160 200 320
1165 120 140
1165 100 330
1165 210 240
1165 240 280
1165 200 330
1175 210 340
1175 210 260
1175 100 330
1175 240 250
1175 140 150
1185 140 160
1185 200 270
1185 100 330
1185 220 240
1185 210 350
1190 140 170
1190 100 330
1190 200 270
1190 220 240
1190 210 360
1200 220 360
1200 200 280
1200 110 320
1200 220 230
1200 160 180
1210 160 190
1210 110 320
1210 180 280
1210 220 370
1210 210 220
1215 160 200
1215 120 310
1215 180 290
1215 210 370
1215 210 220
1225 210 380
1225 180 290
1225 130 310
1225 200 210
1225 170 210
1235 190 210
1235 200 380
1235 170 230
1235 130 300
1235 160 280
1240 180 210
1240 180 240
1240 160 280
1240 190 380
1240 130 300
125 90 120
1250 190 380
1250 150 270
1250 140 300
1250 170 200
1250 190 250
1260 180 380
1260 140 290
1260 150 210
1260 140 260
1260 190 270
1265 140 200
1265 200 260
1265 160 370
1265 150 300
1265 130 270
1275 160 370
1275 130 270
1275 160 290
1275 130 190
1275 210 280
1285 120 270
1285 150 280
1285 120 190
1285 210 270
1285 150 370
1290 110 180
1290 110 270
1290 160 270
1290 210 300
1290 150 370
1300 140 360
1300 100 270
1300 170 270
1300 110 160
1300 220 320
1310 110 150
1310 160 260
1310 90 270
1310 210 320
1310 140 360
1315 100 140
1315 90 270
1315 210 330
1315 130 340
1315 160 250
1325 120 340
1325 80 260
1325 160 230
1325 110 130
1325 210 340
1335 70 260
1335 190 340
1335 150 220
1335 100 120
1335 120 330
1340 110 110
1340 70 250
1340 190 350
1340 150 220
1340 110 330
135 100 130
1350 110 310
1350 70 250
1350 150 200
1350 120 100
1350 190 360
1360 70 240
1360 170 360
1360 150 190
1360 130 110
1360 100 300
1365 130 110
1365 150 190
1365 100 290
1365 60 230
1365 170 360
1375 110 280
1375 60 230
1375 150 180
1375 150 100
1375 160 380
1385 100 270
1385 140 380
1385 60 220
1385 150 100
1385 140 170
1390 160 100
1390 140 170
1390 60 220
1390 100 260
1390 130 370
140 110 130
1400 110 240
1400 60 200
1400 150 170
1400 180 100
1400 130 370
1410 180 90
1410 50 190
1410 100 230
1410 140 170
1410 110 360
1415 190 90
1415 50 190
1415 110 360
1415 100 230
1415 140 170
1425 100 210
1425 60 180
1425 150 170
1425 210 90
1425 100 360
1425 0 80
1435 210 100
1435 140 170
1435 60 170
1435 100 200
1435 90 350
1435 20 110
1440 140 170
1440 100 200
1440 60 170
1440 90 350
1440 200 110
1440 30 110
1450 100 190
1450 70 150
1450 150 150
1450 210 110
1450 90 330
1450 40 80
1460 200 130
1460 70 140
1460 140 150
1460 100 180
1460 70 330
1460 50 90
1465 200 130
1465 70 140
1465 100 170
1465 140 140
1465 60 90
1465 70 330
1475 110 170
1475 80 130
1475 150 130
1475 200 150
1475 70 310
1475 80 90
1485 80 130
1485 150 130
1485 190 150
1485 60 310
1485 90 90
1485 110 160
1490 190 170
1490 150 120
1490 80 120
1490 110 170
1490 60 300
1490 100 100
150 130 140
1500 130 170
1500 90 110
1500 160 110
1500 190 180
1500 70 290
1500 120 100
1510 120 100
1510 160 100
1510 180 200
1510 140 160
1510 70 280
1510 90 110
1515 130 100
1515 80 270
1515 160 100
1515 140 160
1515 170 200
1515 90 100
1525 160 170
1525 110 100
1525 180 90
1525 170 220
1525 90 270
1525 140 110
1535 170 100
1535 140 130
1535 160 170
1535 90 260
1535 160 230
1535 110 90
1540 180 90
1540 140 130
1540 170 170
1540 160 230
1540 100 260
1540 110 90
1550 200 170
1550 130 80
1550 190 90
1550 160 250
1550 110 260
1550 150 140
1560 200 170
1560 190 90
1560 130 90
1560 140 150
1560 150 260
1560 120 250
1565 190 90
1565 210 170
1565 150 270
1565 120 240
1565 140 160
1565 130 80
1575 220 180
1575 150 90
1575 190 90
1575 150 290
1575 140 240
1575 140 170
1585 130 90
1585 180 90
1585 220 180
1585 130 180
1585 140 230
1585 130 290
1590 180 90
1590 140 90
1590 130 180
1590 150 230
1590 140 300
1590 230 190
160 140 150
1600 240 190
1600 130 90
1600 190 90
1600 140 320
1600 160 220
1600 140 190
1610 180 90
1610 130 210
1610 170 210
1610 130 320
1610 120 90
1610 240 200
1615 110 100
1615 180 90
1615 130 210
1615 170 210
1615 130 330
1615 240 210
1625 240 220
1625 110 110
1625 190 90
1625 140 340
1625 180 200
1625 140 230
1635 180 90
1635 230 230
1635 170 190
1635 130 230
1635 140 340
1635 90 110
1640 180 90
1640 230 230
1640 170 180
1640 90 120
1640 140 240
1640 140 360
165 150 150
1650 230 240
1650 80 120
1650 190 90
1650 150 370
1650 180 180
1650 140 260
1660 180 90
1660 160 170
1660 140 270
1660 220 250
1660 70 130
1660 150 370
1665 180 90
1665 160 160
1665 140 270
1665 160 370
1665 220 260
1665 60 140
1675 230 270
1675 60 150
1675 180 90
1675 180 380
1675 160 160
1675 160 280
1685 220 280
1685 140 160
1685 170 90
1685 150 290
1685 60 160
1685 180 380
1690 170 80
1690 140 150
1690 160 300
1690 190 370
1690 50 160
1690 220 290
1700 220 290
1700 50 180
1700 170 90
1700 200 370
1700 130 150
1700 160 310
1710 170 90
1710 40 190
1710 200 290
1710 160 320
1710 120 160
1710 210 370
1715 40 190
1715 170 90
1715 150 320
1715 110 160
1715 210 360
1715 200 290
1725 200 300
1725 40 210
1725 180 110
1725 230 360
1725 110 170
1725 160 340
1735 170 120
1735 90 180
1735 180 300
1735 140 340
1735 230 350
1735 30 220
1740 230 340
1740 90 180
1740 170 130
1740 140 340
1740 180 300
1740 40 230
175 180 160
1750 170 310
1750 40 240
1750 170 140
1750 240 330
1750 90 190
1750 140 350
1760 170 150
1760 80 190
1760 230 320
1760 160 300
1760 120 340
1760 40 240
1765 80 200
1765 40 250
1765 120 350
1765 230 310
1765 160 160
1765 150 310
1775 150 310
1775 50 270
1775 170 170
1775 230 290
1775 90 210
1775 120 360
1785 230 290
1785 160 170
1785 100 350
1785 40 280
1785 140 310
1785 90 220
1790 160 180
1790 90 220
1790 100 350
1790 230 280
1790 140 320
1790 40 280
1800 140 320
1800 60 290
1800 170 180
1800 230 270
1800 100 240
1800 100 340
1810 50 300
1810 210 270
1810 170 190
1810 130 320
1810 90 340
1810 110 240
1815 210 270
1815 170 200
1815 60 300
1815 110 250
1815 130 330
1815 80 330
1825 130 330
1825 60 310
1825 170 200
1825 200 260
1825 120 270
1825 90 320
1835 120 270
1835 180 250
1835 60 300
1835 120 340
1835 170 200
1835 80 310
1840 60 300
1840 170 200
1840 180 250
1840 130 270
1840 80 310
1840 120 340
185 180 160
1850 130 360
1850 60 290
1850 180 200
1850 180 250
1850 140 280
1850 90 300
1860 50 290
1860 80 290
1860 180 200
1860 140 280
1860 130 350
1860 170 250
1865 50 290
1865 80 280
1865 150 290
1865 180 200
1865 160 240
1865 130 350
1875 120 370
1875 50 280
1875 190 210
1875 160 240
1875 170 300
1875 90 270
1875 10 70
1885 40 280
1885 190 220
1885 140 230
1885 80 260
1885 110 370
1885 30 80
1885 170 300
1890 30 70
1890 80 250
1890 50 270
1890 190 220
1890 170 300
1890 110 370
1890 140 230
190 190 170
1900 120 380
1900 60 280
1900 210 230
1900 140 220
1900 200 310
1900 80 240
1900 50 80
1910 80 230
1910 70 270
1910 120 380
1910 130 220
1910 200 310
1910 60 80
1910 200 240
1915 80 220
1915 70 80
1915 120 220
1915 120 390
1915 200 240
1915 200 310
1915 80 270
1925 130 380
1925 90 280
1925 210 250
1925 120 220
1925 220 310
1925 80 210
1925 90 80
1935 80 200
1935 110 220
1935 200 260
1935 220 330
1935 100 280
1935 120 380
1935 100 90
1940 70 200
1940 100 220
1940 100 90
1940 100 280
1940 120 380
1940 210 260
1940 220 320
1950 130 370
1950 120 270
1950 210 280
1950 100 230
1950 230 330
1950 80 180
1950 120 90
1960 120 100
1960 100 240
1960 130 370
1960 120 270
1960 210 280
1960 240 360
1960 70 170
1965 130 100
1965 80 160
1965 90 240
1965 130 270
1965 130 370
1965 210 290
1965 230 350
1975 130 360
1975 150 270
1975 210 300
1975 100 260
1975 230 360
1975 80 150
1975 150 110
1985 80 130
1985 150 120
1985 90 270
1985 150 270
1985 130 370
1985 210 310
1985 230 370
1990 150 120
1990 80 130
1990 90 270
1990 160 270
1990 210 310
1990 220 380
1990 120 360
200 210 180
2000 130 350
2000 180 260
2000 210 320
2000 100 290
2000 220 380
2000 90 120
2000 160 140
2010 160 150
2010 90 110
2010 180 260
2010 130 340
2010 200 330
2010 90 290
2010 210 380
2015 190 260
2015 170 150
2015 90 110
2015 130 330
2015 90 300
2015 200 330
2015 200 390
2025 130 320
2025 200 250
2025 200 340
2025 100 300
2025 190 390
2025 110 100
2025 170 170
2035 170 180
2035 200 250
2035 180 320
2035 130 310
2035 100 290
2035 160 380
2035 110 100
2040 210 240
2040 170 180
2040 110 90
2040 130 300
2040 170 310
2040 100 290
2040 170 390
2050 140 290
2050 230 230
2050 170 310
2050 110 280
2050 160 390
2050 130 80
2050 170 200
2060 170 210
2060 220 230
2060 170 290
2060 110 270
2060 140 280
2060 140 90
2060 150 390
2065 230 220
2065 170 210
2065 170 290
2065 130 270
2065 110 260
2065 140 80
2065 150 390
2075 140 260
2075 240 210
2075 180 280
2075 120 250
2075 140 370
2075 160 80
2075 180 220
2085 170 230
2085 230 200
2085 160 80
2085 140 250
2085 110 240
2085 120 360
2085 170 270
2090 230 200
2090 180 260
2090 160 240
2090 120 230
2090 140 240
2090 170 70
2090 120 360
210 220 180
2100 150 230
2100 240 190
2100 200 250
2100 130 210
2100 120 360
2100 180 80
2100 170 250
2110 160 270
2110 190 80
2110 150 220
2110 190 240
2110 230 180
2110 130 200
2110 100 350
2115 230 170
2115 130 200
2115 150 210
2115 190 230
2115 160 270
2115 100 350
2115 190 80
2125 160 200
2125 230 160
2125 200 210
2125 130 180
2125 100 340
2125 210 80
2125 170 290
2135 220 150
2135 160 300
2135 130 180
2135 190 200
2135 210 80
2135 160 190
2135 90 340
2140 160 300
2140 220 150
2140 190 200
2140 140 170
2140 160 180
2140 220 80
2140 80 330
215 220 190
2150 170 170
2150 220 130
2150 200 190
2150 150 160
2150 80 320
2150 230 100
2150 170 330
2160 160 340
2160 70 300
2160 150 150
2160 230 100
2160 210 130
2160 170 160
2160 200 170
2165 150 140
2165 170 160
2165 210 120
2165 200 170
2165 230 100
2165 160 330
2165 70 300
2175 180 140
2175 210 120
2175 210 160
2175 160 130
2175 70 290
2175 240 120
2175 160 360
2185 140 340
2185 200 130
2185 160 120
2185 180 140
2185 210 160
2185 240 120
2185 60 270
2190 140 350
2190 60 260
2190 190 140
2190 250 130
2190 210 150
2190 180 130
2190 160 120
2200 190 120
2200 190 150
2200 220 140
2200 170 100
2200 70 260
2200 250 140
2200 140 360
2210 60 240
2210 190 170
2210 250 150
2210 220 140
2210 180 120
2210 170 90
2210 120 350
2215 60 230
2215 190 170
2215 240 160
2215 110 350
2215 220 140
2215 170 90
2215 180 120
2225 170 120
2225 190 190
2225 230 120
2225 190 80
2225 70 220
2225 250 170
2225 120 340
2235 100 330
2235 220 110
2235 160 110
2235 180 200
2235 70 210
2235 240 180
2235 180 80
2240 180 220
2240 100 330
2240 80 210
2240 150 110
2240 180 80
2240 220 110
2240 240 190
225 230 200
2250 150 100
2250 180 220
2250 220 110
2250 180 70
2250 90 200
2250 240 200
2250 100 310
2260 210 110
2260 100 300
2260 100 200
2260 230 210
2260 170 240
2260 170 70
2260 140 110
2265 100 200
2265 200 110
2265 170 240
2265 230 210
2265 160 70
2265 100 290
2265 130 110
2275 130 110
2275 170 260
2275 200 110
2275 150 60
2275 120 200
2275 240 220
2275 100 280
2285 90 260
2285 180 110
2285 120 110
2285 160 270
2285 220 230
2285 140 70
2285 120 190
2290 180 110
2290 110 100
2290 140 70
2290 220 240
2290 130 190
2290 160 270
2290 100 260
2300 110 100
2300 170 290
2300 170 110
2300 130 70
2300 150 190
2300 220 250
2300 100 250
2310 160 190
2310 160 120
2310 90 240
2310 160 300
2310 210 260
2310 120 70
2310 100 100
2315 150 120
2315 90 230
2315 160 190
2315 160 310
2315 210 260
2315 90 100
2315 110 70
2325 80 100
2325 160 320
2325 150 120
2325 110 90
2325 180 190
2325 210 260
2325 100 210
2335 130 120
2335 100 200
2335 180 190
2335 190 270
2335 100 100
2335 70 120
2335 160 330
2340 130 130
2340 100 200
2340 190 180
2340 190 270
2340 150 330
2340 70 120
2340 100 100
235 230 210
2350 70 120
2350 150 340
2350 130 130
2350 100 110
2350 210 180
2350 180 270
2350 120 180
2360 210 170
2360 170 280
2360 120 180
2360 120 140
2360 90 130
2360 60 140
2360 140 340
2365 110 140
2365 210 170
2365 120 170
2365 160 270
2365 90 120
2365 60 150
2365 140 350
2375 60 150
2375 130 350
2375 110 150
2375 90 140
2375 220 150
2375 160 270
2375 140 160
2375 20 90
2385 210 150
2385 130 160
2385 100 160
2385 140 270
2385 80 150
2385 50 160
2385 120 350
2385 40 110
2390 220 140
2390 140 150
2390 140 280
2390 100 170
2390 70 160
2390 50 180
2390 40 100
2390 120 360
240 220 220
2400 60 190
2400 130 360
2400 110 190
2400 70 170
2400 220 120
2400 130 280
2400 160 150
2400 50 90
2410 50 200
2410 100 200
2410 160 150
2410 200 120
2410 120 280
2410 130 360
2410 60 100
2410 70 180
2415 50 210
2415 70 190
2415 100 200
2415 160 150
2415 200 120
2415 140 360
2415 110 280
2415 70 100
2425 50 220
2425 150 360
2425 110 220
2425 70 200
2425 200 110
2425 110 280
2425 190 160
2425 90 110
2435 100 120
2435 70 210
2435 110 230
2435 90 280
2435 150 360
2435 190 160
2435 180 110
2435 50 230
2440 100 120
2440 180 120
2440 190 170
2440 160 360
2440 110 230
2440 70 210
2440 90 270
2440 50 240
2450 60 250
2450 170 350
2450 120 240
2450 80 230
2450 170 120
2450 80 280
2450 210 180
2450 120 130
2460 120 140
2460 160 120
2460 210 180
2460 110 250
2460 90 240
2460 70 280
2460 50 240
2460 160 340
2465 150 120
2465 210 190
2465 110 260
2465 80 240
2465 170 340
2465 60 250
2465 120 150
2465 60 280
2475 70 250
2475 180 340
2475 120 270
2475 90 250
2475 150 120
2475 50 270
2475 220 200
2475 130 150
2485 130 130
2485 190 340
2485 110 270
2485 90 260
2485 70 240
2485 210 210
2485 140 170
2485 40 260
2490 130 130
2490 140 170
2490 110 270
2490 90 270
2490 70 240
2490 210 220
2490 190 330
2490 40 260
250 230 240
2500 90 240
2500 190 320
2500 120 290
2500 90 280
2500 120 140
2500 30 260
2500 220 230
2500 150 180
2510 110 150
2510 150 190
2510 210 240
2510 200 330
2510 90 240
2510 90 290
2510 120 290
2515 110 150
2515 150 190
2515 80 290
2515 120 300
2515 210 250
2515 190 310
2515 100 250
2525 120 260
2525 190 300
2525 120 310
2525 90 310
2525 110 160
2525 20 240
2525 220 260
2525 160 210
2535 20 230
2535 100 180
2535 160 220
2535 210 270
2535 190 290
2535 90 310
2535 110 260
2535 120 310
2540 20 220
2540 100 180
2540 160 230
2540 190 280
2540 210 280
2540 110 270
2540 90 310
2540 120 320
2550 130 280
2550 200 270
2550 130 330
2550 100 320
2550 100 190
2550 30 210
2550 220 300
2550 160 240
2560 30 210
2560 90 200
2560 190 260
2560 210 300
2560 150 240
2560 130 290
2560 120 330
2560 100 320
2565 40 200
2565 90 210
2565 210 310
2565 150 250
2565 130 290
2565 120 330
2565 100 320
2565 190 250
2575 150 300
2575 200 240
2575 140 340
2575 100 330
2575 90 220
2575 40 190
2575 210 320
2575 160 260
2585 40 190
2585 200 230
2585 200 330
2585 90 230
2585 140 300
2585 120 340
2585 140 260
2585 100 330
2590 50 180
2590 80 240
2590 200 220
2590 200 340
2590 150 270
2590 100 330
2590 140 310
2590 130 340
260 220 250
2600 160 310
2600 210 200
2600 140 350
2600 110 320
2600 90 250
2600 60 170
2600 200 350
2600 150 280
2610 60 170
2610 210 190
2610 190 360
2610 80 260
2610 140 280
2610 150 310
2610 110 320
2610 140 350
2615 60 160
2615 80 270
2615 130 280
2615 210 190
2615 180 370
2615 150 310
2615 150 360
2615 120 310
2625 180 310
2625 210 170
2625 150 350
2625 140 310
2625 90 280
2625 70 150
2625 180 380
2625 130 290
2635 210 160
2635 70 150
2635 180 300
2635 80 290
2635 120 280
2635 130 310
2635 170 380
2640 200 150
2640 70 140
2640 180 300
2640 110 290
2640 140 300
2640 80 300
2640 160 360
265 220 260
2650 190 290
2650 210 140
2650 170 350
2650 150 290
2650 90 310
2650 80 120
2650 150 390
2650 100 280
2660 200 130
2660 80 120
2660 190 280
2660 160 330
2660 90 280
2660 90 330
2660 150 280
2665 200 120
2665 200 270
2665 90 290
2665 140 370
2665 180 340
2665 90 330
2665 90 110
2675 210 270
2675 210 110
2675 190 320
2675 160 270
2675 100 340
2675 100 100
2675 150 370
2675 80 300
2685 200 100
2685 70 300
2685 210 260
2685 100 90
2685 190 320
2685 140 350
2685 100 340
2685 160 260
2690 190 100
2690 210 250
2690 200 320
2690 160 250
2690 70 310
2690 140 340
2690 100 350
2690 100 90
2700 220 240
2700 190 100
2700 200 300
2700 180 240
2700 120 360
2700 110 90
2700 140 340
2700 70 320
2710 180 90
2710 110 100
2710 220 230
2710 120 320
2710 70 320
2710 180 230
2710 200 290
2710 120 380
2715 180 90
2715 110 100
2715 220 230
2715 200 280
2715 120 320
2715 180 220
2715 120 370
2715 70 330
2725 230 210
2725 170 100
2725 210 270
2725 190 210
2725 140 370
2725 120 110
2725 110 310
2725 80 340
2735 160 100
2735 180 200
2735 100 300
2735 220 190
2735 120 110
2735 90 330
2735 200 260
2740 120 120
2740 160 110
2740 90 300
2740 0 90
2740 200 260
2740 230 200
2740 190 200
2740 90 340
2740 150 380
275 220 280
2750 230 180
2750 160 120
2750 200 260
2750 200 180
2750 170 380
2750 130 130
2750 90 290
2750 100 360
2750 20 100
2760 90 270
2760 230 170
2760 190 180
2760 160 130
2760 120 140
2760 30 120
2760 180 250
2760 100 360
2760 180 380
2765 90 280
2765 230 170
2765 190 180
2765 160 140
2765 120 140
2765 180 250
2765 30 120
2765 180 370
2765 100 360
2775 240 160
2775 160 150
2775 170 240
2775 200 160
2775 200 370
2775 130 150
2775 100 270
2775 120 370
2775 50 140
2785 160 160
2785 230 150
2785 110 260
2785 190 150
2785 120 160
2785 50 150
2785 160 240
2785 200 360
2785 130 370
2790 50 160
2790 120 170
2790 160 160
2790 190 150
2790 230 140
2790 110 260
2790 150 240
2790 210 360
2790 130 350
2800 230 130
2800 170 180
2800 150 240
2800 200 140
2800 220 340
2800 120 180
2800 130 260
2800 140 360
2800 50 180
2810 220 120
2810 190 130
2810 50 200
2810 120 180
2810 170 190
2810 140 260
2810 130 230
2810 140 340
2810 230 340
2815 220 110
2815 180 130
2815 170 190
2815 50 210
2815 110 190
2815 130 230
2815 150 260
2815 150 350
2815 230 340
2825 220 110
2825 170 210
2825 120 240
2825 180 120
2825 240 320
2825 120 200
2825 170 260
2825 160 350
2825 50 230
2835 180 260
2835 170 220
2835 170 120
2835 200 100
2835 50 240
2835 110 240
2835 130 210
2835 160 330
2835 240 330
2840 180 260
2840 170 220
2840 130 220
2840 200 100
2840 170 120
2840 240 320
2840 100 250
2840 50 250
2840 160 320
285 200 280
2850 200 100
2850 170 240
2850 100 250
2850 170 110
2850 240 300
2850 130 230
2850 200 250
2850 170 320
2850 60 270
2860 200 240
2860 170 250
2860 190 90
2860 150 120
2860 120 240
2860 90 260
2860 60 290
2860 170 310
2860 230 300
2865 210 240
2865 170 250
2865 150 120
2865 190 90
2865 120 240
2865 90 260
2865 230 290
2865 170 310
2865 70 290
2875 190 110
2875 170 260
2875 90 280
2875 140 120
2875 230 290
2875 130 250
2875 210 220
2875 190 300
2875 80 310
2885 210 210
2885 190 110
2885 160 270
2885 80 280
2885 130 120
2885 180 290
2885 220 290
2885 120 260
2885 90 320
2890 210 210
2890 190 120
2890 130 120
2890 220 290
2890 190 280
2890 160 280
2890 120 260
2890 80 280
2890 90 330
290 200 290
2900 190 120
2900 160 290
2900 80 300
2900 130 130
2900 210 300
2900 120 280
2900 210 190
2900 200 270
2900 110 350
2910 210 180
2910 180 130
2910 120 140
2910 150 290
2910 200 300
2910 120 290
2910 200 260
2910 70 320
2910 110 350
2915 210 180
2915 180 140
2915 120 150
2915 150 300
2915 200 260
2915 200 310
2915 110 290
2915 70 330
2915 130 380
2925 190 150
2925 160 310
2925 70 350
2925 130 160
2925 200 310
2925 120 310
2925 210 160
2925 210 250
2925 150 380
2935 130 340
2935 150 320
2935 190 330
2935 200 230
2935 210 150
2935 180 160
2935 130 170
2935 110 300
2935 70 330
2950 180 180
2950 160 340
2950 70 370
2950 140 200
2950 180 330
2950 100 320
2950 200 130
2950 220 210
2950 190 400
2960 190 130
2960 140 200
2960 210 200
2960 180 190
2960 150 340
2960 190 350
2960 190 390
2960 90 320
2960 100 340
2965 150 350
2965 180 350
2965 210 200
2965 180 120
2965 140 210
2965 180 190
2965 90 330
2965 200 390
2965 100 340
2975 190 200
2975 150 350
2975 80 390
2975 150 230
2975 180 360
2975 80 330
2975 180 120
2975 220 190
2975 220 380
2985 150 240
2985 180 210
2985 210 180
2985 160 120
2985 70 330
2985 170 360
2985 140 360
2985 220 370
2985 70 420
2990 150 120
2990 140 240
2990 180 210
2990 210 180
2990 170 370
2990 140 360
2990 230 370
2990 60 320
300 200 300
3000 200 230
3000 150 380
3000 80 420
3000 150 250
3000 170 380
3000 50 340
3000 140 120
3000 210 170
3000 240 340
3010 130 120
3010 200 160
3010 50 320
3010 190 230
3010 160 380
3010 150 260
3010 150 400
3010 240 330
3015 130 120
3015 190 150
3015 50 310
3015 200 230
3015 140 270
3015 250 330
3015 160 380
3015 150 400
3025 210 250
3025 150 400
3025 90 420
3025 140 280
3025 170 390
3025 50 310
3025 120 130
3025 190 140
3025 250 300
3035 110 130
3035 200 250
3035 130 280
3035 180 140
3035 40 290
3035 250 300
3035 150 370
3035 140 400
3040 100 140
3040 170 140
3040 130 290
3040 200 260
3040 150 370
3040 40 290
3040 80 410
3040 140 390
3040 250 290
3050 210 270
3050 140 390
3050 90 410
3050 120 290
3050 160 360
3050 50 280
3050 100 150
3050 170 130
3050 250 260
3060 100 160
3060 160 130
3060 110 290
3060 90 390
3060 130 370
3060 150 350
3060 210 280
3060 240 250
3060 60 270
3065 90 160
3065 150 130
3065 100 290
3065 240 240
3065 90 390
3065 130 370
3065 150 350
3065 210 290
3065 60 280
3075 220 300
3075 120 370
3075 90 400
3075 90 290
3075 160 340
3075 70 270
3075 100 180
3075 150 130
3075 240 230
3085 140 120
3085 100 190
3085 70 260
3085 80 300
3085 100 380
3085 150 330
3085 230 210
3085 220 320
3085 110 350
3090 130 120
3090 100 190
3090 70 260
3090 70 300
3090 150 320
3090 220 330
3090 230 210
3090 110 350
310 190 320
3100 220 330
3100 120 340
3100 120 380
3100 70 300
3100 160 310
3100 90 260
3100 100 200
3100 130 100
3100 230 190
3110 130 90
3110 90 210
3110 90 260
3110 50 300
3110 120 330
3110 150 300
3110 210 180
3110 210 340
3110 130 380
3115 130 90
3115 90 220
3115 100 260
3115 200 180
3115 210 340
3115 150 300
3115 110 320
3115 50 300
3125 200 350
3125 120 310
3125 150 360
3125 50 330
3125 150 290
3125 110 250
3125 90 230
3125 140 80
3125 190 170
3135 150 80
3135 80 240
3135 180 170
3135 140 270
3135 150 350
3135 180 360
3135 50 330
3135 110 300
3135 110 250
3140 150 80
3140 80 240
3140 170 170
3140 160 350
3140 180 360
3140 110 290
3140 130 280
3140 120 240
315 190 320
3150 170 370
3150 120 280
3150 170 340
3150 60 360
3150 140 270
3150 140 240
3150 80 260
3150 170 80
3150 150 160
3160 170 90
3160 140 150
3160 80 260
3160 100 260
3160 140 240
3160 170 330
3160 160 360
3160 80 330
3160 130 260
3165 180 90
3165 120 150
3165 150 230
3165 120 250
3165 100 260
3165 170 320
3165 150 350
3165 70 270
3165 80 340
3175 150 340
3175 100 250
3175 190 320
3175 90 360
3175 120 240
3175 160 230
3175 80 290
3175 190 90
3175 110 150
3185 90 150
3185 200 100
3185 160 220
3185 140 330
3185 180 310
3185 90 240
3185 110 230
3185 70 290
3185 100 360
3190 80 160
3190 200 100
3190 90 240
3190 110 220
3190 70 300
3190 170 220
3190 140 320
3190 190 300
3200 140 300
3200 90 220
3200 200 290
3200 120 370
3200 110 210
3200 180 220
3200 90 310
3200 210 120
3200 70 170
3210 50 180
3210 80 210
3210 100 200
3210 80 320
3210 210 130
3210 190 280
3210 120 290
3210 180 210
3210 120 370
3215 50 180
3215 80 210
3215 100 200
3215 210 130
3215 190 270
3215 190 220
3215 120 280
3215 80 330
3225 120 260
3225 80 190
3225 190 260
3225 150 360
3225 110 180
3225 210 210
3225 90 350
3225 220 150
3225 40 200
3235 70 180
3235 100 170
3235 110 250
3235 100 350
3235 210 160
3235 210 210
3235 180 240
3235 150 360
3235 40 210
3240 70 170
3240 100 170
3240 100 250
3240 210 170
3240 220 210
3240 180 240
3240 100 350
3240 150 350
3240 40 220
325 180 330
3250 100 230
3250 70 160
3250 180 230
3250 180 360
3250 100 150
3250 230 200
3250 120 370
3250 210 180
3250 40 240
3260 70 150
3260 210 190
3260 230 200
3260 180 350
3260 120 380
3260 90 220
3260 170 210
3260 40 250
3260 100 150
3265 70 140
3265 100 140
3265 170 210
3265 240 200
3265 200 190
3265 90 210
3265 50 250
3265 180 340
3275 80 190
3275 70 120
3275 180 200
3275 200 330
3275 110 120
3275 250 190
3275 140 370
3275 200 210
3275 60 280
3285 100 120
3285 250 180
3285 170 190
3285 190 220
3285 70 110
3285 70 180
3285 60 300
3285 150 380
3285 210 340
3290 110 110
3290 70 180
3290 50 320
3290 170 180
3290 190 220
3290 250 170
3290 220 330
3290 150 370
3290 70 100
3300 60 160
3300 90 100
3300 180 160
3300 220 310
3300 120 110
3300 250 160
3300 160 360
3300 190 240
3300 70 320
3310 120 100
3310 60 150
3310 70 330
3310 180 240
3310 230 320
3310 240 160
3310 170 160
3310 160 350
3310 80 90
3315 120 100
3315 170 150
3315 170 240
3315 220 300
3315 240 150
3315 90 80
3315 50 150
3315 70 330
3315 160 340
3325 30 120
3325 100 70
3325 190 140
3325 240 290
3325 130 90
3325 240 140
3325 170 330
3325 170 250
3325 90 340
3335 130 90
3335 180 130
3335 240 280
3335 240 130
3335 170 320
3335 20 110
3335 90 350
3335 160 260
3335 100 70
3340 140 90
3340 180 130
3340 110 60
3340 170 310
3340 150 260
3340 10 100
3340 240 280
3340 240 120
3340 100 350
335 180 340
3350 10 100
3350 120 60
3350 180 120
3350 260 270
3350 160 80
3350 230 120
3350 180 300
3350 150 280
3350 120 360
3360 160 80
3360 140 290
3360 180 290
3360 220 120
3360 170 120
3360 260 260
3360 110 60
3360 130 360
3365 160 80
3365 170 120
3365 210 120
3365 140 290
3365 180 280
3365 110 60
3365 140 370
3375 110 70
3375 160 110
3375 270 250
3375 180 80
3375 210 120
3375 180 270
3375 140 300
3375 150 370
3385 150 100
3385 190 70
3385 190 120
3385 170 260
3385 250 230
3385 160 360
3385 130 310
3385 100 80
3390 140 110
3390 190 120
3390 170 250
3390 160 360
3390 260 230
3390 130 310
3390 190 90
340 170 350
3400 90 90
3400 140 100
3400 260 220
3400 200 100
3400 190 140
3400 170 240
3400 130 330
3400 180 360
3410 200 100
3410 180 140
3410 130 90
3410 160 230
3410 120 340
3410 180 360
3410 80 90
3410 250 210
3415 200 100
3415 170 150
3415 180 360
3415 250 210
3415 120 340
3415 160 220
3415 130 90
3415 80 100
3425 80 110
3425 120 80
3425 250 200
3425 210 130
3425 170 150
3425 160 210
3425 130 350
3425 190 370
3435 150 200
3435 70 120
3435 130 340
3435 180 360
3435 160 160
3435 210 140
3435 240 190
3435 110 80
3440 160 160
3440 210 140
3440 230 180
3440 180 360
3440 60 130
3440 130 350
3440 150 190
3440 110 80
3450 60 140
3450 110 80
3450 240 170
3450 210 150
3450 170 170
3450 140 180
3450 150 350
3450 190 370
3460 130 170
3460 160 180
3460 100 80
3460 200 160
3460 230 150
3460 190 370
3460 150 350
3460 60 150
3465 50 150
3465 130 160
3465 150 180
3465 190 160
3465 220 150
3465 150 340
3465 190 360
3465 100 80
3475 60 170
3475 100 90
3475 220 140
3475 200 170
3475 150 200
3475 130 150
3475 160 330
3475 200 350
3485 130 140
3485 210 140
3485 190 180
3485 90 100
3485 140 200
3485 160 320
3485 200 340
3485 50 180
3490 130 130
3490 50 180
3490 140 210
3490 210 140
3490 200 330
3490 190 190
3490 160 320
3490 90 100
350 170 360
3500 50 200
3500 90 110
3500 200 130
3500 190 200
3500 140 220
3500 130 130
3500 170 310
3500 210 320
3510 160 300
3510 220 320
3510 130 120
3510 90 120
3510 190 140
3510 180 210
3510 130 220
3510 50 210
3515 130 110
3515 90 130
3515 190 140
3515 50 220
3515 120 220
3515 160 300
3515 170 220
3515 220 320
3525 50 230
3525 100 140
3525 190 140
3525 180 230
3525 120 240
3525 150 100
3525 160 290
3525 230 300
3535 40 240
3535 150 100
3535 100 150
3535 160 240
3535 170 160
3535 160 280
3535 230 300
3535 110 240
3540 150 110
3540 170 160
3540 100 150
3540 160 240
3540 40 240
3540 110 250
3540 160 280
3540 230 280
3550 50 250
3550 100 160
3550 170 170
3550 150 250
3550 110 260
3550 170 110
3550 160 270
3550 240 270
3560 50 250
3560 180 120
3560 100 260
3560 140 260
3560 160 260
3560 160 170
3560 110 170
3560 240 270
3565 180 120
3565 110 170
3565 160 180
3565 240 260
3565 140 260
3565 160 260
3565 100 270
3565 50 250
3575 50 250
3575 120 180
3575 160 190
3575 130 270
3575 100 280
3575 190 130
3575 170 250
3575 250 240
3585 190 140
3585 240 230
3585 90 290
3585 120 280
3585 160 240
3585 150 190
3585 50 240
3585 120 180
3590 190 140
3590 120 180
3590 60 240
3590 140 200
3590 240 230
3590 170 240
3590 130 290
3590 90 290
360 160 370
3600 70 230
3600 130 190
3600 140 210
3600 130 300
3600 100 310
3600 200 160
3600 180 230
3600 240 220
3610 200 170
3610 130 190
3610 130 220
3610 70 220
3610 230 210
3610 170 220
3610 130 310
3610 90 310
3615 70 210
3615 130 190
3615 200 180
3615 130 230
3615 170 210
3615 230 210
3615 90 310
3615 130 310
3625 80 200
3625 150 200
3625 130 240
3625 140 330
3625 100 330
3625 200 190
3625 170 200
3625 240 210
3635 170 190
3635 200 200
3635 230 210
3635 140 200
3635 70 190
3635 120 240
3635 130 330
3635 100 330
3640 70 180
3640 200 200
3640 230 210
3640 160 190
3640 140 210
3640 110 250
3640 100 330
3640 140 340
365 150 370
365 10 80
3650 70 170
3650 150 210
3650 120 260
3650 160 360
3650 110 340
3650 190 220
3650 170 180
3650 240 210
3660 60 150
3660 190 230
3660 150 220
3660 170 170
3660 230 200
3660 120 330
3660 110 270
3660 160 360
3665 50 150
3665 180 230
3665 170 160
3665 160 210
3665 220 200
3665 110 270
3665 120 330
3665 160 360
3675 50 140
3675 170 210
3675 110 290
3675 180 360
3675 140 330
3675 180 250
3675 190 150
3675 220 200
3685 140 330
3685 190 360
3685 170 260
3685 110 290
3685 190 150
3685 200 190
3685 170 220
3685 30 120
3690 190 150
3690 200 180
3690 160 260
3690 170 210
3690 150 320
3690 110 290
3690 190 350
3690 20 110
3700 0 90
3700 190 220
3700 130 300
3700 210 350
3700 170 330
3700 160 270
3700 210 150
3700 180 180
3710 0 110
3710 210 150
3710 160 180
3710 140 260
3710 210 340
3710 170 320
3710 120 300
3710 190 220
3715 140 270
3715 220 150
3715 160 180
3715 130 310
3715 210 340
3715 180 310
3715 190 210
3725 210 210
3725 140 310
3725 220 330
3725 190 320
3725 130 260
3725 230 160
3725 150 180
3735 120 250
3735 130 180
3735 210 210
3735 230 160
3735 220 330
3735 150 310
3735 180 300
3740 120 250
3740 210 210
3740 240 160
3740 120 180
3740 220 310
3740 180 300
3740 150 310
375 140 380
375 20 60
3750 220 200
3750 160 300
3750 230 300
3750 200 300
3750 130 230
3750 250 170
3750 110 180
3760 100 190
3760 120 220
3760 160 290
3760 220 190
3760 220 290
3760 250 180
3760 190 280
3765 90 200
3765 120 210
3765 160 290
3765 220 180
3765 250 190
3765 220 280
3765 190 270
3775 220 170
3775 170 290
3775 230 270
3775 200 270
3775 120 190
3775 260 200
3775 90 210
3785 250 210
3785 220 160
3785 210 270
3785 190 250
3785 170 280
3785 80 220
3785 120 180
3790 110 170
3790 80 230
3790 170 280
3790 210 160
3790 250 210
3790 180 250
3790 210 270
3800 210 150
3800 190 270
3800 210 280
3800 190 240
3800 110 150
3800 260 230
3800 90 250
3810 90 150
3810 80 250
3810 200 140
3810 180 230
3810 190 260
3810 200 280
3810 250 230
3815 90 140
3815 190 130
3815 90 260
3815 180 220
3815 200 260
3815 190 290
3815 250 240
3825 190 120
3825 210 250
3825 190 300
3825 180 210
3825 80 120
3825 260 260
3825 100 270
3835 180 120
3835 100 280
3835 170 200
3835 210 240
3835 180 310
3835 70 130
3835 250 270
3840 170 120
3840 170 200
3840 60 120
3840 110 290
3840 210 240
3840 170 310
3840 250 270
385 130 380
385 40 70
3850 160 110
3850 230 220
3850 160 320
3850 180 190
3850 40 110
3850 250 290
3850 120 300
3860 150 110
3860 160 170
3860 150 330
3860 240 300
3860 230 210
3860 130 290
3860 30 100
3865 140 100
3865 160 170
3865 230 210
3865 140 300
3865 230 300
3865 20 110
3865 140 330
3875 130 100
3875 240 200
3875 130 330
3875 170 160
3875 0 100
3875 230 310
3875 160 310
3885 230 190
3885 110 100
3885 160 150
3885 120 320
3885 160 300
3885 220 320
3890 160 150
3890 110 310
3890 170 300
3890 230 190
3890 210 320
3890 100 100
390 120 380
390 50 80
3900 90 100
3900 240 170
3900 100 300
3900 170 130
3900 210 330
3900 180 300
3910 160 130
3910 230 170
3910 90 290
3910 190 330
3910 180 290
3910 80 120
3915 170 120
3915 90 290
3915 70 110
3915 190 290
3915 230 170
3915 190 340
3925 50 100
3925 230 170
3925 90 270
3925 180 120
3925 180 340
3925 200 300
3935 180 120
3935 210 170
3935 190 300
3935 160 330
3935 80 250
3935 40 100
3940 180 120
3940 210 170
3940 30 100
3940 190 300
3940 160 340
3940 80 250
3950 20 100
3950 200 180
3950 80 230
3950 190 130
3950 160 340
3950 200 300
3960 80 220
3960 190 130
3960 190 180
3960 140 330
3960 190 300
3965 80 210
3965 190 130
3965 180 180
3965 140 330
3965 190 300
3975 180 190
3975 80 200
3975 190 140
3975 140 320
3975 190 300
3985 70 180
3985 180 150
3985 130 300
3985 190 300
3985 160 200
3990 70 170
3990 180 160
3990 190 300
3990 160 190
3990 130 300
400 120 380
400 60 60
4000 150 200
4000 70 150
4000 180 170
4000 140 290
4000 190 300
4010 70 150
4010 130 210
4010 170 180
4010 130 280
4010 190 300
4015 130 220
4015 170 180
4015 140 270
4015 190 300
4015 70 140
4025 120 220
4025 60 120
4025 180 200
4025 140 260
4025 190 300
4035 100 210
4035 50 110
4035 170 210
4035 190 290
4035 140 240
4040 100 210
4040 140 240
4040 190 290
4040 170 220
4050 100 210
4050 30 100
4050 170 230
4050 140 220
4050 200 280
4060 90 200
4060 190 270
4060 130 220
4060 20 100
4060 160 240
4065 90 190
4065 130 210
4065 160 240
4065 190 260
4065 10 100
4075 100 180
4075 160 260
4075 130 200
4075 200 250
4085 120 190
4085 100 160
4085 150 270
4085 190 240
4090 100 160
4090 190 240
4090 150 270
4090 130 180
410 100 370
410 70 70
4100 90 140
4100 150 280
4100 130 170
4100 190 230
4110 80 130
4110 110 170
4110 180 220
4110 140 290
4115 110 170
4115 80 130
4115 180 210
4115 130 290
4125 80 110
4125 130 290
4125 100 170
4125 170 210
4135 90 170
4135 160 200
4135 60 110
4135 120 300
4140 90 170
4140 160 200
4140 60 110
4140 110 290
415 100 370
415 80 70
4150 40 100
4150 110 290
4150 90 170
4150 160 190
4160 80 180
4160 30 110
4160 150 180
4160 100 280
4165 80 180
4165 140 180
4165 110 290
4175 10 100
4175 110 280
4175 90 190
4175 140 170
4185 130 150
4185 110 270
4185 80 190
4190 130 150
4190 110 270
4190 80 200
4200 120 260
4200 90 200
4200 130 130
4210 130 130
4210 130 250
4210 100 200
4215 120 120
4215 100 200
4215 130 250
4225 150 240
4225 120 190
4225 110 110
4235 120 190
4235 140 240
4235 100 100
4240 120 190
4240 150 230
4240 90 90
425 100 360
425 110 70
4250 170 220
4250 130 180
4250 70 80
4260 130 170
4260 180 220
4260 60 90
4265 130 160
4265 180 220
4265 50 80
4275 190 210
4275 140 150
4275 30 80
4285 190 200
4285 140 150
4285 20 90
4290 150 140
4290 200 200
4290 10 90
4300 210 190
4300 160 140
4310 210 180
4310 160 140
4315 220 170
4315 170 140
4325 220 160
4325 180 150
4335 210 150
4335 180 160
4340 180 160
4340 220 150
435 100 340
435 120 70
4350 220 130
4350 190 170
4360 210 120
4360 180 180
4365 180 180
4365 200 120
4375 200 110
4375 180 200
4385 190 110
4385 180 210
4390 170 210
4390 180 110
440 100 340
440 120 70
4400 170 110
4400 160 210
4410 150 220
4410 160 110
4415 140 220
4415 150 120
4425 150 120
4425 140 210
4435 130 130
4435 120 210
4440 120 200
4440 130 130
4450 130 150
4450 120 200
4460 130 160
4460 110 200
4465 100 190
4465 120 160
4475 120 180
4475 90 180
4485 90 170
4485 120 180
4490 90 170
4490 120 190
450 110 330
450 150 60
4500 130 210
4500 90 150
4510 80 140
4510 120 220
4515 120 230
4515 80 130
4525 120 240
4525 90 110
4535 100 250
4535 80 110
4540 100 260
4540 80 100
4550 90 280
4550 70 80
4560 80 290
4560 70 80
4565 80 300
4565 60 70
4575 90 310
4575 50 70
4585 30 60
4585 80 320
4590 90 330
4590 10 50
460 110 320
460 150 70
4600 100 350
4600 0 50
4610 100 350
4615 110 360
4625 130 370
4635 140 370
4640 150 360
465 110 310
465 160 70
4650 170 360
4660 170 350
4665 180 350
4675 200 340
4685 200 330
4690 200 320
4700 210 300
4710 200 280
4715 200 280
4725 210 260
4735 190 240
4740 190 240
475 120 300
475 180 80
4750 190 220
4760 170 200
4765 170 200
4775 170 170
4785 150 160
4790 150 150
4800 140 140
4810 130 130
4815 120 130
4825 110 110
4835 100 110
485 190 90
485 120 290
4850 70 90
4860 60 90
4875 20 80
490 120 280
490 190 90
500 130 260
500 200 110
510 130 240
510 200 120
515 130 240
515 210 130
525 140 230
525 210 150
535 140 220
535 200 160
540 140 210
540 210 170
550 150 200
550 210 180
560 140 190
560 200 190
565 150 180
565 200 200
575 150 160
575 210 220
585 150 150
585 190 230
590 150 150
590 200 240
600 160 130
600 210 260
610 150 120
610 200 270
615 200 270
615 160 120
625 170 110
625 210 300
635 170 120
635 200 300
640 180 110
640 200 320
650 200 110
650 200 330
650 0 90
660 200 120
660 190 330
660 20 90
665 200 110
665 180 350
675 210 130
675 170 360
675 50 90
685 160 350
685 200 140
685 60 100
690 210 140
690 150 360
690 60 80
700 210 160
700 140 360
700 80 90
710 200 160
710 100 110
710 130 370
715 210 170
715 120 350
715 90 100
725 210 190
725 120 360
725 110 120
740 100 140
740 190 200
740 100 350
75 0 90
750 190 220
750 100 330
750 100 150
760 100 170
760 180 230
760 100 320
765 100 170
765 90 310
765 180 230
775 170 250
775 100 310
775 100 180
785 100 190
785 160 260
785 100 300
790 100 190
790 100 290
790 160 260
800 160 270
800 100 280
800 100 200
810 100 190
810 150 280
810 100 270
815 100 200
815 100 270
815 140 280
825 150 290
825 100 260
825 110 200
835 100 200
835 140 290
835 100 250
840 90 210
840 100 240
840 140 280
85 20 110
850 150 270
850 110 230
850 90 200
860 80 190
860 100 230
860 150 260
865 80 190
865 100 220
865 150 260
875 160 240
875 110 200
875 90 170
875 10 80
885 80 160
885 110 190
885 160 230
885 0 40
890 80 150
890 160 230
890 100 180
890 0 50
90 20 100
900 180 210
900 120 170
900 90 140
900 30 80
910 110 160
910 170 200
910 90 130
910 40 110
915 90 120
915 40 110
915 170 190
915 110 160
925 190 170
925 130 140
925 100 120
925 50 130
935 130 140
935 180 170
935 100 120
935 50 150
940 50 150
940 130 130
940 180 160
940 100 120
950 190 150
950 140 120
950 120 130
950 60 180
960 190 150
960 150 120
960 60 190
960 120 140
965 150 110
965 60 200
965 190 140
965 140 150
975 200 140
975 160 100
975 160 150
975 80 220
985 80 230
985 160 100
985 160 160
985 190 150
990 160 90
990 160 150
990 80 240
990 190 150
