1010 180 85
1010 195 153
1010 162 161
1010 99 273
1035 199 101
1035 201 169
1035 159 189
1035 109 311
1060 210 123
1060 125 334
1060 156 227
1060 193 199
1085 222 149
1085 149 259
1085 198 227
1085 163 340
110 63 111
1110 228 178
1110 130 287
1110 35 89
1110 203 256
1110 197 333
1135 221 207
1135 112 310
1135 78 111
1135 225 304
1135 195 285
1160 120 136
1160 102 327
1160 213 238
1160 241 278
1160 205 322
1185 144 155
1185 208 268
1185 100 327
1185 228 239
1185 211 345
1210 162 193
1210 114 317
1210 186 284
1210 222 370
1210 215 224
1235 192 206
1235 201 379
1235 179 230
1235 130 302
1235 168 284
1260 183 379
1260 143 292
1260 150 206
1260 147 261
1260 191 265
1285 120 269
1285 157 280
1285 123 187
1285 210 274
1285 153 365
1310 111 152
1310 167 256
1310 94 265
1310 213 316
1310 141 358
1335 78 259
1335 196 337
1335 154 219
1335 108 116
1335 120 328
135 102 127
1360 72 237
1360 177 361
1360 153 190
1360 132 109
1360 107 302
1385 103 267
1385 143 377
1385 61 219
1385 154 101
1385 144 172
1410 185 94
1410 58 190
1410 106 233
1410 143 166
1410 115 363
1435 211 97
1435 147 165
1435 61 170
1435 101 201
1435 94 349
1435 29 110
1460 208 125
1460 71 141
1460 145 148
1460 103 178
1460 76 332
1460 52 88
1485 82 127
1485 155 128
1485 198 154
1485 67 305
1485 96 91
1485 115 161
1510 127 100
1510 165 101
1510 180 195
1510 142 164
1510 76 275
1510 93 109
1535 179 98
1535 141 125
1535 169 169
1535 97 259
1535 166 226
1535 112 91
1560 201 171
1560 190 91
1560 137 89
1560 144 149
1560 155 256
1560 120 248
1585 139 89
1585 189 91
1585 229 184
1585 138 175
1585 144 232
1585 139 293
160 149 147
1610 189 89
1610 136 207
1610 171 211
1610 138 323
1610 121 94
1610 240 203
1635 186 94
1635 233 229
1635 179 191
1635 138 231
1635 143 344
1635 97 113
1660 183 89
1660 169 167
1660 144 266
1660 227 251
1660 73 131
1660 159 368
1685 223 283
1685 148 155
1685 172 86
1685 159 289
1685 60 160
1685 185 377
1710 177 92
1710 46 187
1710 209 287
1710 160 315
1710 121 157
1710 215 367
1735 173 117
1735 97 175
1735 186 299
1735 148 338
1735 233 352
1735 39 220
1760 172 148
1760 89 193
1760 237 317
1760 163 303
1760 126 344
1760 40 239
1785 234 289
1785 166 173
1785 106 353
1785 46 275
1785 145 310
1785 93 218
1810 57 301
1810 216 266
1810 172 194
1810 133 323
1810 91 338
1810 111 244
1835 124 268
1835 189 253
1835 64 299
1835 125 335
1835 174 197
1835 88 314
185 189 163
1860 55 291
1860 87 285
1860 184 201
1860 145 284
1860 133 352
1860 172 250
1885 48 280
1885 196 223
1885 149 229
1885 85 255
1885 115 373
1885 30 77
1885 173 295
1910 83 227
1910 73 272
1910 120 383
1910 131 220
1910 204 309
1910 69 80
1910 207 242
1935 81 201
1935 113 217
1935 209 257
1935 227 325
1935 102 278
1935 126 379
1935 103 88
1960 126 95
1960 100 236
1960 133 374
1960 126 271
1960 210 277
1960 243 356
1960 79 165
1985 81 134
1985 155 121
1985 95 266
1985 156 268
1985 130 368
1985 214 310
1985 231 367
2010 167 148
2010 95 111
2010 187 259
2010 135 335
2010 208 326
2010 97 290
2010 210 383
2035 173 175
2035 208 250
2035 189 322
2035 135 308
2035 108 291
2035 169 380
2035 113 95
2060 172 205
2060 229 227
2060 173 293
2060 113 267
2060 142 280
2060 142 85
2060 156 391
2085 173 232
2085 235 199
2085 165 77
2085 143 247
2085 118 235
2085 127 361
2085 175 266
210 220 182
2110 166 266
2110 192 83
2110 151 215
2110 193 239
2110 234 175
2110 132 202
2110 109 353
2135 226 152
2135 167 298
2135 138 175
2135 197 201
2135 211 82
2135 162 189
2135 91 338
2160 169 338
2160 76 302
2160 151 148
2160 234 98
2160 214 128
2160 173 164
2160 203 171
2185 145 344
2185 205 125
2185 163 119
2185 181 137
2185 213 157
2185 249 123
2185 65 271
2210 66 244
2210 192 165
2210 250 151
2210 226 136
2210 183 118
2210 172 94
2210 121 349
2235 106 328
2235 226 111
2235 162 113
2235 186 203
2235 77 214
2235 247 182
2235 186 80
2260 211 107
2260 103 301
2260 101 199
2260 238 208
2260 173 236
2260 172 67
2260 141 106
2285 99 259
2285 187 111
2285 121 106
2285 165 267
2285 229 233
2285 147 69
2285 129 194
2310 161 193
2310 163 118
2310 97 236
2310 165 301
2310 216 256
2310 124 73
2310 100 103
2335 133 123
2335 107 201
2335 189 185
2335 195 267
2335 106 97
2335 78 117
2335 160 334
235 231 214
2360 213 170
2360 173 277
2360 121 175
2360 123 143
2360 91 125
2360 67 143
2360 143 338
2385 219 146
2385 138 155
2385 108 164
2385 148 274
2385 82 148
2385 58 164
2385 124 346
2385 40 105
2410 54 195
2410 107 195
2410 165 149
2410 209 119
2410 124 281
2410 131 356
2410 69 99
2410 73 177
2435 100 116
2435 75 208
2435 112 225
2435 96 275
2435 156 357
2435 191 159
2435 189 111
2435 54 227
2460 123 139
2460 163 121
2460 211 182
2460 118 251
2460 90 243
2460 71 280
2460 58 244
2460 169 344
2485 138 131
2485 193 340
2485 117 272
2485 91 257
2485 72 238
2485 217 211
2485 141 165
2485 47 262
2510 115 146
2510 151 188
2510 217 241
2510 201 326
2510 99 242
2510 90 286
2510 120 293
2535 23 225
2535 103 176
2535 161 217
2535 216 265
2535 193 285
2535 90 314
2535 118 263
2535 123 311
2560 35 207
2560 97 200
2560 197 261
2560 215 302
2560 159 243
2560 133 287
2560 127 327
2560 100 323
2585 47 185
2585 205 226
2585 207 334
2585 91 227
2585 144 303
2585 129 343
2585 148 259
2585 108 326
260 225 254
2610 66 169
2610 210 194
2610 195 356
2610 83 263
2610 142 275
2610 156 311
2610 111 319
2610 142 351
2635 210 158
2635 77 145
2635 181 299
2635 87 292
2635 120 280
2635 137 311
2635 172 382
2660 209 128
2660 89 115
2660 196 279
2660 163 331
2660 96 283
2660 93 326
2660 156 280
2685 202 104
2685 79 295
2685 215 256
2685 105 94
2685 193 315
2685 147 349
2685 103 341
2685 166 259
2710 181 92
2710 119 101
2710 221 230
2710 124 320
2710 72 323
2710 181 232
2710 204 285
2710 123 376
2735 163 103
2735 189 200
2735 100 303
2735 229 193
2735 124 113
2735 93 327
2735 203 262
2760 94 273
2760 237 172
2760 198 177
2760 160 129
2760 126 136
2760 34 116
2760 189 248
2760 102 357
2760 189 382
2785 165 163
2785 232 149
2785 112 263
2785 198 151
2785 125 159
2785 53 154
2785 165 239
2785 208 363
2785 130 368
2810 227 117
2810 190 129
2810 53 197
2810 121 182
2810 175 190
2810 145 259
2810 135 230
2810 143 340
2810 231 341
2835 183 257
2835 172 215
2835 173 118
2835 208 101
2835 55 242
2835 118 243
2835 132 214
2835 161 331
2835 245 325
285 205 283
2860 207 239
2860 171 245
2860 191 93
2860 155 118
2860 129 235
2860 94 255
2860 69 285
2860 177 305
2860 238 295
2885 214 209
2885 195 107
2885 167 272
2885 87 279
2885 137 124
2885 189 286
2885 225 286
2885 127 262
2885 91 315
2910 211 183
2910 186 133
2910 126 142
2910 157 290
2910 207 303
2910 120 286
2910 202 262
2910 77 317
2910 118 351
2935 136 339
2935 159 322
2935 197 332
2935 209 233
2935 211 148
2935 183 160
2935 131 173
2935 112 304
2935 79 329
2960 192 127
2960 143 203
2960 219 202
2960 180 185
2960 155 341
2960 192 353
2960 198 391
2960 95 319
2960 108 337
2985 150 237
2985 187 207
2985 214 183
2985 165 116
2985 71 325
2985 178 362
2985 149 357
2985 228 369
2985 79 415
3010 135 123
3010 201 157
3010 52 315
3010 197 231
3010 169 379
3010 150 260
3010 153 398
3010 247 332
3035 111 134
3035 205 254
3035 132 284
3035 183 139
3035 49 290
3035 256 297
3035 159 373
3035 143 395
3060 101 159
3060 160 134
3060 111 291
3060 93 394
3060 131 374
3060 157 350
3060 216 281
3060 247 254
3060 60 266
3085 142 122
3085 101 187
3085 77 261
3085 83 296
3085 102 375
3085 159 327
3085 235 213
3085 223 316
3085 115 349
310 191 315
3110 132 91
3110 96 213
3110 94 256
3110 59 296
3110 120 325
3110 154 302
3110 216 182
3110 217 344
3110 130 382
3135 154 77
3135 89 239
3135 180 169
3135 148 274
3135 156 350
3135 189 363
3135 58 325
3135 115 298
3135 118 245
3160 179 86
3160 142 154
3160 82 263
3160 106 263
3160 143 235
3160 177 327
3160 166 362
3160 81 334
3160 132 263
3185 93 152
3185 201 100
3185 167 223
3185 142 329
3185 187 307
3185 93 237
3185 119 226
3185 79 293
3185 107 359
3210 57 175
3210 84 209
3210 109 203
3210 89 322
3210 215 128
3210 193 277
3210 127 289
3210 187 213
3210 126 368
3235 75 178
3235 103 172
3235 113 254
3235 100 346
3235 217 164
3235 214 208
3235 181 237
3235 159 358
3235 41 207
3260 75 147
3260 210 189
3260 238 197
3260 181 350
3260 129 383
3260 93 218
3260 178 213
3260 47 249
3260 101 145
3285 108 116
3285 252 179
3285 175 188
3285 196 215
3285 75 109
3285 76 183
3285 61 296
3285 151 381
3285 213 335
3310 125 100
3310 60 152
3310 77 325
3310 180 237
3310 232 319
3310 249 155
3310 177 157
3310 162 350
3310 89 87
3335 139 89
3335 185 134
3335 245 280
3335 243 129
3335 173 319
3335 29 113
3335 99 351
3335 160 259
3335 106 68
335 180 341
3360 161 80
3360 145 286
3360 181 287
3360 222 124
3360 173 118
3360 261 261
3360 115 63
3360 133 364
3385 155 104
3385 191 71
3385 197 124
3385 177 255
3385 259 231
3385 162 355
3385 132 307
3385 103 75
3410 208 104
3410 180 141
3410 133 92
3410 168 229
3410 127 337
3410 185 356
3410 84 91
3410 255 209
3435 154 197
3435 71 121
3435 133 340
3435 181 363
3435 166 157
3435 211 135
3435 240 188
3435 119 80
3460 138 172
3460 161 176
3460 105 83
3460 202 161
3460 235 153
3460 192 367
3460 153 346
3460 63 149
3485 131 142
3485 214 137
3485 193 183
3485 94 97
3485 148 200
3485 160 321
3485 202 344
3485 55 176
3510 166 304
3510 221 316
3510 138 116
3510 90 119
3510 196 135
3510 186 208
3510 131 217
3510 52 209
3535 48 238
3535 153 104
3535 100 145
3535 166 237
3535 178 155
3535 163 281
3535 235 296
3535 115 241
3560 51 251
3560 183 119
3560 101 261
3560 145 255
3560 167 263
3560 166 173
3560 112 169
3560 246 266
3585 192 139
3585 244 232
3585 99 290
3585 129 278
3585 167 243
3585 150 190
3585 58 241
3585 121 181
360 161 367
3610 201 169
3610 133 190
3610 135 223
3610 75 218
3610 239 213
3610 175 218
3610 131 309
3610 99 309
3635 171 194
3635 202 200
3635 237 206
3635 147 201
3635 73 189
3635 123 242
3635 138 333
3635 102 327
3660 63 153
3660 191 226
3660 159 215
3660 174 169
3660 232 200
3660 121 331
3660 115 268
3660 165 359
3685 147 327
3685 193 356
3685 171 257
3685 112 287
3685 193 154
3685 208 185
3685 175 219
3685 31 117
3710 5 110
3710 217 147
3710 169 176
3710 148 260
3710 211 341
3710 174 315
3710 127 301
3710 192 219
3735 129 254
3735 135 178
3735 216 207
3735 238 163
3735 227 327
3735 151 314
3735 186 299
3760 101 188
3760 127 215
3760 166 293
3760 221 190
3760 226 285
3760 255 183
3760 193 278
3785 257 206
3785 220 163
3785 216 272
3785 191 250
3785 175 280
3785 82 217
3785 120 177
3810 99 145
3810 88 253
3810 201 141
3810 186 232
3810 195 262
3810 202 284
3810 257 233
3835 183 119
3835 108 281
3835 178 203
3835 215 238
3835 181 307
3835 72 125
3835 257 274
385 132 382
385 46 70
3860 150 106
3860 169 173
3860 150 325
3860 240 297
3860 232 212
3860 135 293
3860 31 104
3885 237 191
3885 118 104
3885 165 149
3885 121 320
3885 165 303
3885 225 321
3910 167 125
3910 233 167
3910 97 290
3910 192 329
3910 187 290
3910 83 116
3935 185 119
3935 217 170
3935 196 302
3935 166 329
3935 83 250
3935 45 103
3960 81 215
3960 191 131
3960 190 181
3960 145 332
3960 195 301
3985 79 182
3985 184 154
3985 136 301
3985 192 297
3985 167 195
4010 71 145
4010 138 205
4010 178 179
4010 139 278
4010 193 301
4035 109 214
4035 53 110
4035 174 209
4035 195 291
4035 141 244
4060 97 195
4060 198 271
4060 138 217
4060 21 103
4060 162 238
4085 127 190
4085 100 164
4085 154 265
4085 193 239
410 103 368
410 78 65
4110 87 131
4110 118 165
4110 185 217
4110 143 285
4135 95 166
4135 168 202
4135 66 111
4135 124 297
4160 83 175
4160 39 105
4160 150 184
4160 102 279
4185 138 154
4185 115 269
4185 85 193
4210 131 127
4210 130 253
4210 101 200
4235 120 189
4235 148 236
4235 100 98
4260 132 165
4260 181 223
4260 65 88
4285 199 202
4285 149 146
4285 25 89
4310 216 182
4310 168 139
4335 219 152
4335 184 155
435 101 340
435 123 65
4360 210 121
4360 186 175
4385 191 107
4385 180 205
4410 154 215
4410 162 112
4435 138 130
4435 129 206
4460 130 158
4460 112 196
4485 93 172
4485 126 184
4510 87 137
4510 123 221
4535 109 253
4535 89 105
4560 89 285
4560 71 77
4585 30 56
4585 87 323
460 115 317
460 156 68
4610 108 351
4635 145 367
4660 179 353
4685 207 328
4710 209 284
4735 196 242
4760 179 201
4785 159 163
4810 130 130
4835 103 113
485 190 88
485 126 286
4860 64 94
510 138 243
510 203 124
535 141 219
535 207 163
560 148 187
560 202 189
585 151 149
585 196 231
610 154 122
610 203 266
635 175 118
635 204 303
660 202 121
660 193 329
660 21 88
685 160 347
685 208 135
685 66 98
710 209 161
710 102 109
710 133 373
760 100 165
760 183 230
760 102 315
785 103 190
785 166 255
785 105 298
810 107 193
810 150 281
810 103 271
835 103 199
835 145 285
835 103 248
85 21 106
860 83 193
860 105 227
860 154 259
885 87 159
885 112 190
885 165 229
885 4 39
910 118 161
910 175 200
910 94 130
910 49 113
935 132 139
935 186 169
935 102 122
935 54 149
960 191 146
960 150 119
960 67 185
960 129 140
985 84 230
985 162 95
985 165 155
985 198 146
