1015 184 88
1015 161 165
1015 197 152
1015 102 283
1040 202 106
1040 198 178
1040 156 196
1040 109 316
1065 211 127
1065 196 206
1065 151 230
1065 132 339
1090 148 265
1090 223 155
1090 199 235
1090 169 346
1115 129 291
1115 226 188
1115 204 262
1115 208 332
1115 42 94
1140 108 313
1140 221 211
1140 228 304
1140 93 125
1140 195 290
115 70 112
1165 125 140
1165 101 329
1165 211 243
1165 244 275
1165 207 327
1190 149 165
1190 102 325
1190 202 273
1190 228 237
1190 219 356
1215 162 196
1215 120 313
1215 183 286
1215 219 374
1215 211 215
1240 189 206
1240 183 235
1240 160 275
1240 197 376
1240 131 299
1265 147 197
1265 202 261
1265 169 367
1265 150 296
1265 139 268
1290 118 175
1290 111 273
1290 162 274
1290 215 302
1290 153 367
1315 108 141
1315 90 273
1315 210 333
1315 133 341
1315 162 249
1340 113 111
1340 71 253
1340 198 350
1340 156 217
1340 113 326
1365 136 105
1365 150 185
1365 108 291
1365 69 231
1365 171 364
1390 161 101
1390 145 167
1390 60 215
1390 103 259
1390 137 365
140 112 130
1415 193 94
1415 59 188
1415 111 358
1415 106 229
1415 147 171
1440 148 165
1440 101 200
1440 65 165
1440 91 349
1440 209 111
1440 36 106
1465 205 133
1465 75 139
1465 105 173
1465 143 143
1465 60 85
1465 75 327
1490 193 166
1490 157 123
1490 84 123
1490 119 167
1490 67 297
1490 108 99
1515 132 103
1515 81 273
1515 168 98
1515 148 160
1515 179 202
1515 97 104
1540 181 93
1540 144 128
1540 178 169
1540 166 232
1540 102 259
1540 114 89
1565 190 89
1565 210 170
1565 155 265
1565 127 242
1565 144 157
1565 139 81
1590 187 89
1590 141 89
1590 138 179
1590 153 231
1590 143 299
1590 234 188
1615 117 98
1615 187 89
1615 135 212
1615 173 207
1615 137 327
1615 245 207
1640 187 91
1640 235 232
1640 177 183
1640 93 119
1640 142 241
1640 143 356
165 154 151
1665 181 89
1665 168 164
1665 147 273
1665 165 374
1665 228 262
1665 69 135
1690 171 83
1690 142 154
1690 161 297
1690 190 373
1690 53 163
1690 223 287
1715 42 191
1715 178 93
1715 159 320
1715 113 160
1715 215 361
1715 208 290
1740 231 339
1740 96 177
1740 171 125
1740 144 341
1740 183 299
1740 42 225
1765 89 199
1765 40 251
1765 123 345
1765 234 307
1765 169 159
1765 157 305
1790 168 177
1790 95 224
1790 103 350
1790 231 283
1790 145 317
1790 49 278
1815 214 265
1815 172 195
1815 64 295
1815 113 248
1815 132 326
1815 88 329
1840 64 299
1840 175 195
1840 186 253
1840 131 274
1840 88 309
1840 125 340
1865 55 285
1865 88 277
1865 150 286
1865 184 202
1865 165 243
1865 133 351
1890 31 71
1890 85 251
1890 59 271
1890 199 221
1890 179 299
1890 115 373
1890 147 229
190 195 169
1915 82 220
1915 72 79
1915 126 219
1915 124 386
1915 205 243
1915 209 311
1915 81 272
1940 78 195
1940 109 218
1940 105 85
1940 105 275
1940 127 379
1940 213 262
1940 223 320
1965 135 100
1965 81 161
1965 96 243
1965 133 271
1965 135 374
1965 211 291
1965 235 349
1990 157 124
1990 81 131
1990 94 272
1990 161 268
1990 214 310
1990 229 377
1990 126 356
2015 190 255
2015 172 152
2015 94 107
2015 135 332
2015 99 299
2015 205 332
2015 205 391
2040 213 244
2040 173 179
2040 119 92
2040 138 301
2040 175 308
2040 105 286
2040 174 386
2065 233 223
2065 172 209
2065 174 292
2065 139 271
2065 115 260
2065 145 76
2065 151 387
2090 237 197
2090 189 260
2090 168 238
2090 121 225
2090 145 241
2090 172 73
2090 121 355
2115 234 171
2115 133 196
2115 155 207
2115 191 232
2115 166 272
2115 107 352
2115 196 82
2140 168 303
2140 225 146
2140 197 195
2140 142 169
2140 165 179
2140 221 80
2140 89 332
215 227 187
2165 154 140
2165 177 155
2165 213 124
2165 207 167
2165 239 104
2165 160 332
2165 72 297
2190 142 346
2190 66 261
2190 197 139
2190 251 128
2190 216 147
2190 183 133
2190 165 116
2215 66 232
2215 191 172
2215 249 155
2215 115 353
2215 225 135
2215 174 92
2215 180 118
2240 184 218
2240 106 326
2240 82 206
2240 157 109
2240 185 80
2240 225 111
2240 245 191
2265 105 197
2265 205 105
2265 172 242
2265 238 212
2265 166 68
2265 100 291
2265 138 107
2290 180 110
2290 114 101
2290 143 68
2290 227 236
2290 135 191
2290 163 273
2290 100 257
2315 159 119
2315 99 230
2315 165 193
2315 163 307
2315 213 256
2315 95 103
2315 115 74
2340 132 127
2340 109 196
2340 197 182
2340 191 266
2340 157 332
2340 73 116
2340 102 103
2365 118 142
2365 214 167
2365 126 171
2365 167 274
2365 91 124
2365 66 145
2365 143 349
2390 220 135
2390 143 153
2390 142 278
2390 109 173
2390 76 155
2390 58 175
2390 43 101
2390 124 357
240 229 223
2415 59 206
2415 73 185
2415 107 202
2415 167 148
2415 204 117
2415 141 357
2415 118 281
2415 73 100
2440 105 122
2440 180 115
2440 197 165
2440 161 356
2440 114 231
2440 76 213
2440 91 274
2440 55 239
2465 157 121
2465 213 187
2465 118 256
2465 88 242
2465 175 343
2465 61 249
2465 126 145
2465 66 278
2490 133 134
2490 144 167
2490 117 274
2490 94 266
2490 76 238
2490 219 217
2490 192 332
2490 42 260
2515 111 153
2515 154 194
2515 87 287
2515 120 301
2515 219 245
2515 192 307
2515 101 245
2540 25 220
2540 102 181
2540 160 225
2540 195 283
2540 217 278
2540 119 267
2540 91 313
2540 125 319
2565 42 199
2565 97 205
2565 214 307
2565 159 249
2565 137 291
2565 129 327
2565 100 322
2565 199 251
2590 54 182
2590 85 238
2590 207 224
2590 207 335
2590 154 272
2590 106 327
2590 148 305
2590 137 339
2615 66 164
2615 85 265
2615 137 283
2615 210 185
2615 187 368
2615 159 313
2615 153 357
2615 120 311
2640 209 153
2640 79 137
2640 184 296
2640 114 287
2640 144 303
2640 88 297
2640 167 364
265 220 262
2665 208 121
2665 201 273
2665 93 285
2665 143 371
2665 183 344
2665 91 329
2665 93 110
2690 198 99
2690 215 254
2690 201 319
2690 167 251
2690 72 308
2690 144 343
2690 106 351
2690 107 92
2715 180 89
2715 119 104
2715 222 229
2715 204 279
2715 121 317
2715 184 223
2715 127 373
2715 73 329
2740 125 117
2740 161 107
2740 95 299
2740 6 91
2740 201 260
2740 232 199
2740 192 200
2740 94 343
2740 155 380
2765 93 275
2765 237 170
2765 198 175
2765 161 137
2765 124 141
2765 186 245
2765 36 119
2765 183 370
2765 108 358
2790 53 160
2790 125 165
2790 165 164
2790 199 151
2790 231 143
2790 118 259
2790 159 235
2790 214 358
2790 136 351
2815 222 110
2815 189 129
2815 174 194
2815 53 207
2815 119 187
2815 130 231
2815 154 257
2815 156 345
2815 234 335
2840 187 256
2840 172 223
2840 135 221
2840 203 99
2840 172 116
2840 246 322
2840 109 247
2840 58 254
2840 165 323
2865 213 235
2865 171 249
2865 151 116
2865 191 93
2865 129 238
2865 93 259
2865 239 292
2865 178 305
2865 73 286
2890 213 208
2890 192 115
2890 132 124
2890 220 290
2890 192 283
2890 166 277
2890 125 262
2890 85 283
2890 97 332
290 204 285
2915 211 177
2915 185 139
2915 127 149
2915 157 298
2915 205 257
2915 205 311
2915 119 292
2915 76 326
2915 131 376
2965 155 347
2965 185 349
2965 217 200
2965 187 119
2965 145 212
2965 180 189
2965 90 329
2965 204 386
2965 108 340
2990 157 115
2990 149 241
2990 189 211
2990 210 175
2990 175 365
2990 149 361
2990 232 367
2990 67 322
3015 131 122
3015 198 152
3015 51 311
3015 201 232
3015 145 266
3015 250 325
3015 165 380
3015 154 404
3040 106 140
3040 179 139
3040 130 286
3040 209 260
3040 157 367
3040 48 289
3040 89 412
3040 142 394
3040 255 289
3065 99 163
3065 156 133
3065 105 293
3065 246 244
3065 95 389
3065 130 370
3065 157 346
3065 219 286
3065 60 277
3090 137 115
3090 102 193
3090 76 260
3090 78 296
3090 159 323
3090 227 328
3090 234 208
3090 119 346
3115 135 92
3115 94 219
3115 101 259
3115 207 176
3115 210 344
3115 157 299
3115 117 320
3115 53 304
3140 159 82
3140 87 243
3140 173 165
3140 160 350
3140 185 363
3140 115 291
3140 138 283
3140 125 239
315 190 316
3165 181 86
3165 127 151
3165 150 231
3165 121 250
3165 105 262
3165 179 323
3165 159 351
3165 79 272
3165 84 343
3190 84 158
3190 205 103
3190 93 237
3190 115 223
3190 78 304
3190 171 220
3190 143 321
3190 191 296
3215 52 184
3215 82 205
3215 107 196
3215 216 133
3215 193 272
3215 192 217
3215 125 281
3215 87 329
3240 75 172
3240 103 169
3240 109 245
3240 216 165
3240 221 214
3240 184 235
3240 103 353
3240 159 353
3240 41 224
3265 71 137
3265 102 137
3265 174 207
3265 244 196
3265 207 194
3265 91 212
3265 51 254
3265 186 340
3290 111 110
3290 71 175
3290 55 315
3290 178 177
3290 192 218
3290 253 173
3290 220 329
3290 151 373
3290 76 104
3315 126 97
3315 178 154
3315 177 242
3315 229 301
3315 249 153
3315 91 83
3315 58 151
3315 76 333
3315 166 340
3340 142 87
3340 184 129
3340 111 58
3340 171 308
3340 157 262
3340 17 103
3340 247 281
3340 240 122
3340 105 350
3365 165 81
3365 171 115
3365 215 119
3365 142 291
3365 180 278
3365 114 63
3365 145 374
3390 149 105
3390 195 122
3390 177 250
3390 167 357
3390 261 227
3390 130 313
3390 195 87
340 177 351
3415 209 104
3415 178 145
3415 186 356
3415 252 208
3415 129 337
3415 165 223
3415 133 91
3415 85 99
3440 167 160
3440 211 137
3440 239 184
3440 181 364
3440 69 128
3440 138 349
3440 150 193
3440 117 81
3465 59 151
3465 136 164
3465 157 183
3465 199 164
3465 229 149
3465 155 343
3465 192 359
3465 101 82
3490 131 134
3490 52 184
3490 144 207
3490 213 135
3490 205 333
3490 190 189
3490 161 317
3490 94 103
3515 139 110
3515 91 125
3515 193 139
3515 51 215
3515 125 224
3515 165 299
3515 179 223
3515 223 320
3540 159 105
3540 175 155
3540 101 148
3540 162 239
3540 47 239
3540 113 250
3540 163 279
3540 239 284
3565 184 122
3565 112 171
3565 165 178
3565 246 259
3565 141 262
3565 165 260
3565 101 266
3565 51 249
3590 196 143
3590 123 182
3590 60 237
3590 145 199
3590 244 230
3590 171 238
3590 130 286
3590 97 290
3615 75 212
3615 135 189
3615 203 178
3615 131 225
3615 174 212
3615 238 213
3615 99 310
3615 131 313
3640 75 182
3640 201 201
3640 237 206
3640 169 190
3640 147 205
3640 119 247
3640 105 332
3640 143 337
365 155 365
365 10 83
3665 59 148
3665 189 233
3665 177 163
3665 161 214
3665 229 197
3665 114 271
3665 127 332
3665 169 356
3690 192 147
3690 203 183
3690 166 261
3690 175 214
3690 153 323
3690 115 292
3690 196 352
3690 21 106
3715 142 265
3715 223 152
3715 165 176
3715 136 309
3715 214 340
3715 180 311
3715 198 214
3740 126 245
3740 219 205
3740 240 164
3740 127 181
3740 222 310
3740 189 297
3740 154 311
3765 93 199
3765 129 208
3765 167 290
3765 221 184
3765 255 185
3765 226 280
3765 195 269
3790 115 170
3790 84 229
3790 178 279
3790 215 155
3790 256 213
3790 189 245
3790 216 269
3815 94 137
3815 197 134
3815 91 260
3815 185 223
3815 201 255
3815 199 289
3815 257 242
3840 172 118
3840 177 196
3840 61 119
3840 112 286
3840 215 239
3840 178 311
3840 252 271
3865 145 104
3865 168 173
3865 234 209
3865 141 299
3865 233 299
3865 28 106
3865 145 327
3890 163 146
3890 115 314
3890 172 298
3890 238 188
3890 219 320
3890 108 104
390 124 376
390 54 76
3915 172 123
3915 94 285
3915 73 110
3915 190 292
3915 231 169
3915 192 340
3940 187 123
3940 211 172
3940 33 95
3940 196 299
3940 168 344
3940 83 248
3965 81 212
3965 190 134
3965 185 184
3965 142 325
3965 195 301
3990 78 172
3990 184 159
3990 192 298
3990 160 194
3990 136 299
4015 131 217
4015 174 183
4015 141 272
4015 193 299
4015 71 141
4040 107 213
4040 141 239
4040 196 289
4040 171 217
4065 97 194
4065 135 208
4065 162 241
4065 199 263
4065 12 101
4090 100 155
4090 191 243
4090 153 268
4090 131 177
4115 115 165
4115 84 129
4115 181 214
4115 137 291
4140 91 166
4140 163 201
4140 64 112
4140 118 287
415 101 365
415 88 65
4165 83 177
4165 148 178
4165 111 287
4190 137 149
4190 117 269
4190 88 197
4215 120 115
4215 103 201
4215 136 253
4240 124 185
4240 155 233
4240 93 94
4265 135 160
4265 186 215
4265 53 81
4290 154 141
4290 203 199
4290 19 92
4315 220 170
4315 172 141
4340 185 157
4340 220 146
4365 187 183
4365 208 117
4390 175 211
4390 184 106
440 101 335
440 129 65
4415 148 215
4415 155 117
4440 125 202
4440 135 133
4465 105 191
4465 127 163
4490 90 165
4490 126 189
4515 121 227
4515 88 128
4540 106 257
4540 85 99
4565 87 295
4565 60 73
4590 90 333
4590 17 47
4615 117 355
4640 154 356
465 117 311
465 165 73
4665 185 352
4690 209 316
4715 208 275
4740 192 235
4765 175 199
4790 151 153
4815 126 128
490 129 280
490 195 94
515 137 243
515 210 133
540 143 214
540 210 169
565 151 181
565 208 199
590 151 147
590 205 243
615 209 274
615 161 121
640 181 112
640 207 315
665 205 113
665 189 349
690 214 140
690 155 363
690 63 82
715 213 172
715 123 349
715 97 103
740 105 135
740 198 201
740 107 345
765 100 167
765 99 311
765 184 232
790 106 194
790 103 293
790 166 262
815 108 199
815 101 268
815 148 281
840 95 205
840 102 239
840 148 281
865 84 185
865 106 218
865 154 256
890 88 153
890 169 225
890 109 183
890 7 46
90 25 100
915 96 122
915 45 111
915 179 189
915 119 155
940 51 152
940 138 131
940 189 159
940 101 123
965 150 109
965 67 196
965 191 143
965 143 145
990 165 88
990 168 154
990 87 238
990 196 148
