75 0 9
100 4 10
125 9 12
150 13 14
175 18 16
200 21 18
225 23 20
250 23 24
275 22 28
300 20 30
325 18 33
350 17 36
375 14 38
375 2 6
400 12 38
400 6 6
425 10 36
425 11 7
450 11 33
450 15 6
475 12 30
475 18 8
500 13 26
500 20 11
525 14 23
525 21 15
550 15 20
550 21 18
575 15 16
575 21 22
600 16 13
600 21 26
625 17 11
625 21 30
650 20 11
650 20 33
650 0 9
675 21 13
675 17 36
675 5 9
700 21 16
700 14 36
700 8 9
725 21 19
725 12 36
725 11 12
750 19 22
750 10 33
750 10 15
775 17 25
775 10 31
775 10 18
800 16 27
800 10 28
800 10 20
825 15 29
825 10 26
825 11 20
850 15 27
850 11 23
850 9 20
875 16 24
875 11 20
875 9 17
875 1 8
900 18 21
900 12 17
900 9 14
900 3 8
925 19 17
925 13 14
925 10 12
925 5 13
950 19 15
950 14 12
950 12 13
950 6 18
975 20 14
975 16 10
975 16 15
975 8 22
1000 20 15
1000 17 9
1000 17 16
1000 10 26
1025 20 16
1025 19 10
1025 16 18
1025 11 30
1050 19 19
1050 21 11
1050 15 21
1050 12 34
1075 20 22
1075 22 14
1075 15 25
1075 15 34
1100 20 25
1100 23 17
1100 14 28
1100 18 33
1100 2 9
1125 20 28
1125 22 20
1125 12 30
1125 22 31
1125 6 10
1150 20 31
1150 22 23
1150 10 32
1150 24 29
1150 11 13
1175 21 34
1175 21 26
1175 10 33
1175 24 25
1175 14 15
1200 22 36
1200 20 28
1200 11 32
1200 22 23
1200 16 18
1225 21 38
1225 18 29
1225 13 31
1225 20 21
1225 17 21
1250 19 38
1250 15 27
1250 14 30
1250 17 20
1250 19 25
1275 16 37
1275 13 27
1275 16 29
1275 13 19
1275 21 28
1300 14 36
1300 10 27
1300 17 27
1300 11 16
1300 22 32
1325 12 34
1325 8 26
1325 16 23
1325 11 13
1325 21 34
1350 11 31
1350 7 25
1350 15 20
1350 12 10
1350 19 36
1375 11 28
1375 6 23
1375 15 18
1375 15 10
1375 16 38
1400 11 24
1400 6 20
1400 15 17
1400 18 10
1400 13 37
1425 10 21
1425 6 18
1425 15 17
1425 21 9
1425 10 36
1425 0 8
1450 10 19
1450 7 15
1450 15 15
1450 21 11
1450 9 33
1450 4 8
1475 11 17
1475 8 13
1475 15 13
1475 20 15
1475 7 31
1475 8 9
1500 13 17
1500 9 11
1500 16 11
1500 19 18
1500 7 29
1500 12 10
1525 16 17
1525 11 10
1525 18 9
1525 17 22
1525 9 27
1525 14 11
1550 20 17
1550 13 8
1550 19 9
1550 16 25
1550 11 26
1550 15 14
1575 22 18
1575 15 9
1575 19 9
1575 15 29
1575 14 24
1575 14 17
1600 24 19
1600 13 9
1600 19 9
1600 14 32
1600 16 22
1600 14 19
1625 24 22
1625 11 11
1625 19 9
1625 14 34
1625 18 20
1625 14 23
1650 23 24
1650 8 12
1650 19 9
1650 15 37
1650 18 18
1650 14 26
1675 23 27
1675 6 15
1675 18 9
1675 18 38
1675 16 16
1675 16 28
1700 22 29
1700 5 18
1700 17 9
1700 20 37
1700 13 15
1700 16 31
1725 20 30
1725 4 21
1725 18 11
1725 23 36
1725 11 17
1725 16 34
1750 17 31
1750 4 24
1750 17 14
1750 24 33
1750 9 19
1750 14 35
1775 15 31
1775 5 27
1775 17 17
1775 23 29
1775 9 21
1775 12 36
1800 14 32
1800 6 29
1800 17 18
1800 23 27
1800 10 24
1800 10 34
1825 13 33
1825 6 31
1825 17 20
1825 20 26
1825 12 27
1825 9 32
1850 13 36
1850 6 29
1850 18 20
1850 18 25
1850 14 28
1850 9 30
1875 12 37
1875 5 28
1875 19 21
1875 16 24
1875 17 30
1875 9 27
1875 1 7
1900 12 38
1900 6 28
1900 21 23
1900 14 22
1900 20 31
1900 8 24
1900 5 8
1925 13 38
1925 9 28
1925 21 25
1925 12 22
1925 22 31
1925 8 21
1925 9 8
1950 13 37
1950 12 27
1950 21 28
1950 10 23
1950 23 33
1950 8 18
1950 12 9
1975 13 36
1975 15 27
1975 21 30
1975 10 26
1975 23 36
1975 8 15
1975 15 11
2000 13 35
2000 18 26
2000 21 32
2000 10 29
2000 22 38
2000 9 12
2000 16 14
2025 13 32
2025 20 25
2025 20 34
2025 10 30
2025 19 39
2025 11 10
2025 17 17
2050 14 29
2050 23 23
2050 17 31
2050 11 28
2050 16 39
2050 13 8
2050 17 20
2075 14 26
2075 24 21
2075 18 28
2075 12 25
2075 14 37
2075 16 8
2075 18 22
2100 15 23
2100 24 19
2100 20 25
2100 13 21
2100 12 36
2100 18 8
2100 17 25
2125 16 20
2125 23 16
2125 20 21
2125 13 18
2125 10 34
2125 21 8
2125 17 29
2150 17 17
2150 22 13
2150 20 19
2150 15 16
2150 8 32
2150 23 10
2150 17 33
2175 18 14
2175 21 12
2175 21 16
2175 16 13
2175 7 29
2175 24 12
2175 16 36
2200 19 12
2200 19 15
2200 22 14
2200 17 10
2200 7 26
2200 25 14
2200 14 36
2225 17 12
2225 19 19
2225 23 12
2225 19 8
2225 7 22
2225 25 17
2225 12 34
2250 15 10
2250 18 22
2250 22 11
2250 18 7
2250 9 20
2250 24 20
2250 10 31
2275 13 11
2275 17 26
2275 20 11
2275 15 6
2275 12 20
2275 24 22
2275 10 28
2300 11 10
2300 17 29
2300 17 11
2300 13 7
2300 15 19
2300 22 25
2300 10 25
2325 8 10
2325 16 32
2325 15 12
2325 11 9
2325 18 19
2325 21 26
2325 10 21
2350 7 12
2350 15 34
2350 13 13
2350 10 11
2350 21 18
2350 18 27
2350 12 18
2375 6 15
2375 13 35
2375 11 15
2375 9 14
2375 22 15
2375 16 27
2375 14 16
2375 2 9
2400 6 19
2400 13 36
2400 11 19
2400 7 17
2400 22 12
2400 13 28
2400 16 15
2400 5 9
2425 5 22
2425 15 36
2425 11 22
2425 7 20
2425 20 11
2425 11 28
2425 19 16
2425 9 11
2450 6 25
2450 17 35
2450 12 24
2450 8 23
2450 17 12
2450 8 28
2450 21 18
2450 12 13
2475 7 25
2475 18 34
2475 12 27
2475 9 25
2475 15 12
2475 5 27
2475 22 20
2475 13 15
2500 9 24
2500 19 32
2500 12 29
2500 9 28
2500 12 14
2500 3 26
2500 22 23
2500 15 18
2525 12 26
2525 19 30
2525 12 31
2525 9 31
2525 11 16
2525 2 24
2525 22 26
2525 16 21
2550 13 28
2550 20 27
2550 13 33
2550 10 32
2550 10 19
2550 3 21
2550 22 30
2550 16 24
2575 15 30
2575 20 24
2575 14 34
2575 10 33
2575 9 22
2575 4 19
2575 21 32
2575 16 26
2600 16 31
2600 21 20
2600 14 35
2600 11 32
2600 9 25
2600 6 17
2600 20 35
2600 15 28
2625 18 31
2625 21 17
2625 15 35
2625 14 31
2625 9 28
2625 7 15
2625 18 38
2625 13 29
2650 19 29
2650 21 14
2650 17 35
2650 15 29
2650 9 31
2650 8 12
2650 15 39
2650 10 28
2675 21 27
2675 21 11
2675 19 32
2675 16 27
2675 10 34
2675 10 10
2675 15 37
2675 8 30
2700 22 24
2700 19 10
2700 20 30
2700 18 24
2700 12 36
2700 11 9
2700 14 34
2700 7 32
2725 23 21
2725 17 10
2725 21 27
2725 19 21
2725 14 37
2725 12 11
2725 11 31
2725 8 34
2750 23 18
2750 16 12
2750 20 26
2750 20 18
2750 17 38
2750 13 13
2750 9 29
2750 10 36
2750 2 10
2775 24 16
2775 16 15
2775 17 24
2775 20 16
2775 20 37
2775 13 15
2775 10 27
2775 12 37
2775 5 14
2800 23 13
2800 17 18
2800 15 24
2800 20 14
2800 22 34
2800 12 18
2800 13 26
2800 14 36
2800 5 18
2825 22 11
2825 17 21
2825 12 24
2825 18 12
2825 24 32
2825 12 20
2825 17 26
2825 16 35
2825 5 23
2850 20 10
2850 17 24
2850 10 25
2850 17 11
2850 24 30
2850 13 23
2850 20 25
2850 17 32
2850 6 27
2875 19 11
2875 17 26
2875 9 28
2875 14 12
2875 23 29
2875 13 25
2875 21 22
2875 19 30
2875 8 31
2900 19 12
2900 16 29
2900 8 30
2900 13 13
2900 21 30
2900 12 28
2900 21 19
2900 20 27
2900 11 35
2925 19 15
2925 16 31
2925 7 35
2925 13 16
2925 20 31
2925 12 31
2925 21 16
2925 21 25
2925 15 38
2950 18 18
2950 16 34
2950 7 37
2950 14 20
2950 18 33
2950 10 32
2950 20 13
2950 22 21
2950 19 40
2975 19 20
2975 15 35
2975 8 39
2975 15 23
2975 18 36
2975 8 33
2975 18 12
2975 22 19
2975 22 38
3000 20 23
3000 15 38
3000 8 42
3000 15 25
3000 17 38
3000 5 34
3000 14 12
3000 21 17
3000 24 34
3025 21 25
3025 15 40
3025 9 42
3025 14 28
3025 17 39
3025 5 31
3025 12 13
3025 19 14
3025 25 30
3050 21 27
3050 14 39
3050 9 41
3050 12 29
3050 16 36
3050 5 28
3050 10 15
3050 17 13
3050 25 26
3075 22 30
3075 12 37
3075 9 40
3075 9 29
3075 16 34
3075 7 27
3075 10 18
3075 15 13
3075 24 23
3100 22 33
3100 12 34
3100 12 38
3100 7 30
3100 16 31
3100 9 26
3100 10 20
3100 13 10
3100 23 19
3125 20 35
3125 12 31
3125 15 36
3125 5 33
3125 15 29
3125 11 25
3125 9 23
3125 14 8
3125 19 17
3150 17 37
3150 12 28
3150 17 34
3150 6 36
3150 14 27
3150 14 24
3150 8 26
3150 17 8
3150 15 16
3175 15 34
3175 10 25
3175 19 32
3175 9 36
3175 12 24
3175 16 23
3175 8 29
3175 19 9
3175 11 15
3200 14 30
3200 9 22
3200 20 29
3200 12 37
3200 11 21
3200 18 22
3200 9 31
3200 21 12
3200 7 17
3225 12 26
3225 8 19
3225 19 26
3225 15 36
3225 11 18
3225 21 21
3225 9 35
3225 22 15
3225 4 20
3250 10 23
3250 7 16
3250 18 23
3250 18 36
3250 10 15
3250 23 20
3250 12 37
3250 21 18
3250 4 24
3275 8 19
3275 7 12
3275 18 20
3275 20 33
3275 11 12
3275 25 19
3275 14 37
3275 20 21
3275 6 28
3300 6 16
3300 9 10
3300 18 16
3300 22 31
3300 12 11
3300 25 16
3300 16 36
3300 19 24
3300 7 32
3325 3 12
3325 10 7
3325 19 14
3325 24 29
3325 13 9
3325 24 14
3325 17 33
3325 17 25
3325 9 34
3350 1 10
3350 12 6
3350 18 12
3350 26 27
3350 16 8
3350 23 12
3350 18 30
3350 15 28
3350 12 36
3375 11 7
3375 16 11
3375 27 25
3375 18 8
3375 21 12
3375 18 27
3375 14 30
3375 15 37
3400 9 9
3400 14 10
3400 26 22
3400 20 10
3400 19 14
3400 17 24
3400 13 33
3400 18 36
3425 8 11
3425 12 8
3425 25 20
3425 21 13
3425 17 15
3425 16 21
3425 13 35
3425 19 37
3450 6 14
3450 11 8
3450 24 17
3450 21 15
3450 17 17
3450 14 18
3450 15 35
3450 19 37
3475 6 17
3475 10 9
3475 22 14
3475 20 17
3475 15 20
3475 13 15
3475 16 33
3475 20 35
3500 5 20
3500 9 11
3500 20 13
3500 19 20
3500 14 22
3500 13 13
3500 17 31
3500 21 32
3525 5 23
3525 10 14
3525 19 14
3525 18 23
3525 12 24
3525 15 10
3525 16 29
3525 23 30
3550 5 25
3550 10 16
3550 17 17
3550 15 25
3550 11 26
3550 17 11
3550 16 27
3550 24 27
3575 5 25
3575 12 18
3575 16 19
3575 13 27
3575 10 28
3575 19 13
3575 17 25
3575 25 24
3600 7 23
3600 13 19
3600 14 21
3600 13 30
3600 10 31
3600 20 16
3600 18 23
3600 24 22
3625 8 20
3625 15 20
3625 13 24
3625 14 33
3625 10 33
3625 20 19
3625 17 20
3625 24 21
3650 7 17
3650 15 21
3650 12 26
3650 16 36
3650 11 34
3650 19 22
3650 17 18
3650 24 21
3675 5 14
3675 17 21
3675 11 29
3675 18 36
3675 14 33
3675 18 25
3675 19 15
3675 22 20
3700 0 9
3700 19 22
3700 13 30
3700 21 35
3700 17 33
3700 16 27
3700 21 15
3700 18 18
3725 21 21
3725 14 31
3725 22 33
3725 19 32
3725 13 26
3725 23 16
3725 15 18
3750 22 20
3750 16 30
3750 23 30
3750 20 30
3750 13 23
3750 25 17
3750 11 18
3775 22 17
3775 17 29
3775 23 27
3775 20 27
3775 12 19
3775 26 20
3775 9 21
3800 21 15
3800 19 27
3800 21 28
3800 19 24
3800 11 15
3800 26 23
3800 9 25
3825 19 12
3825 21 25
3825 19 30
3825 18 21
3825 8 12
3825 26 26
3825 10 27
3850 16 11
3850 23 22
3850 16 32
3850 18 19
3850 4 11
3850 25 29
3850 12 30
3875 13 10
3875 24 20
3875 13 33
3875 17 16
3875 0 10
3875 23 31
3875 16 31
3900 9 10
3900 24 17
3900 10 30
3900 17 13
3900 21 33
3900 18 30
3925 5 10
3925 23 17
3925 9 27
3925 18 12
3925 18 34
3925 20 30
3950 2 10
3950 20 18
3950 8 23
3950 19 13
3950 16 34
3950 20 30
3975 18 19
3975 8 20
3975 19 14
3975 14 32
3975 19 30
4000 15 20
4000 7 15
4000 18 17
4000 14 29
4000 19 30
4025 12 22
4025 6 12
4025 18 20
4025 14 26
4025 19 30
4050 10 21
4050 3 10
4050 17 23
4050 14 22
4050 20 28
4075 10 18
4075 16 26
4075 13 20
4075 20 25
4100 9 14
4100 15 28
4100 13 17
4100 19 23
4125 8 11
4125 13 29
4125 10 17
4125 17 21
4150 4 10
4150 11 29
4150 9 17
4150 16 19
4175 1 10
4175 11 28
4175 9 19
4175 14 17
4200 12 26
4200 9 20
4200 13 13
4225 15 24
4225 12 19
4225 11 11
4250 17 22
4250 13 18
4250 7 8
4275 19 21
4275 14 15
4275 3 8
4300 21 19
4300 16 14
4325 22 16
4325 18 15
4350 22 13
4350 19 17
4375 20 11
4375 18 20
4400 17 11
4400 16 21
4425 15 12
4425 14 21
4450 13 15
4450 12 20
4475 12 18
4475 9 18
4500 13 21
4500 9 15
4525 12 24
4525 9 11
4550 9 28
4550 7 8
4575 9 31
4575 5 7
4600 10 35
4600 0 5
4625 13 37
4650 17 36
4675 20 34
4700 21 30
4725 21 26
4750 19 22
4775 17 17
4800 14 14
4825 11 11
4850 7 9
4875 2 8
